$ANSIBLE_VAULT;1.1;AES256
38353464386365656336366233306633396361623839383235326130313162386665613664623338
3234663038383939613635363232623534373764386437370a343536646135333730333031616162
35316130323938623733386433366262313436376533623334356232323337386665333639303230
3364626166353964300a386463666237353236313162333233666234343237386164303066373735
37346562666238633236343132363163363062356531363035393163363336646237343537666630
36393030333261313762396338636232386165663361303365363662306630616430616261616362
62323134346633396639316666313333316162643233333330323737343161373366376434653663
61313166653830343535663531383766383365313064636161656266613132653430316464363537
36326163323562323036326136363433393764363234633861666235663666323436656439666161
38323537333161373466303437363963623037653530366133326562363033353265353166656231
37653861373931383638393837333434383539306662356436623361633036323530353739663730
33366639346466303363343862666432613966616465303533663531333637623934303534306534
32653638313133383637663364666437323138613237666461393065656365353265363532353736
38306533373336313565393663396539343832333331306632613466623034373437306337363434
31316362653161653731633635393536646232386432323961616230306561616562343362383939
37616165643335386465353064653065373161326166366432626130396339653939386239373363
62643439386466313031613937343338323139666162343333616139633235303630653533653064
39616236616331303461663966643335366666613566653965613436366638653964356566383463
35633565393637616531303731396236356337323733646537373030353562363131633838626465
64383830303936383465636435393431343565626339383664356330363933633162383234363961
36666133396562653232663936353465386331393034306437666637333934346666336530636530
61393238363139613961366432643137646237653636383639383562303739356664646236643535
30643561353439663962353563633435643632373739643436383032663761623862326366636531
39613761353461353636663632316639393935663832363061376262346639633331306636613230
62613335623435333931643430366463386230663363626463306636316333643665323934356466
63616563303664376231623933323262393562376638386532343036616137666333326261616363
32626237313338336235313062393739313865396233656138313766333433623737313965623466
31396461366166373939343838393036656133373638396366343934653533636639306266383464
31643736343338316332656130363061663937303633323037616465636439303435393134626561
65376531636338303532656462333431343735303562643336343837623034373734613365303937
34626663373736383462386431616664356537633030386565343763663838623761616563383032
34393365323634643836313061623533666636376332346431306236393832333239303536623638
34336333626230656663633631343735633239643739613439303638336263353765393634653066
36386436623332313836636433663061656635666166643735353930373734356535303631343065
39396661366131643337336439353162396134636561353762623635366536333162623936343137
62646364613139373766316666343662393033663362653339636435643763616266623038656332
62356633326439303531363162353064376630666532383538303331623937303638366135353162
63313439306334353663646563616139313136333633616539353735393732326634363362343535
61623834643066343536306334303363396136616164626236306463396565616239316135373230
35353739303863336237643362396334613330623936653835366266666130643533383130323739
38653134653334616539636565643233663432356163616632363265653064323665613538346131
31636166366435306235306132656138643430313039663737666366373266633332633866333839
34633465396636383736383131396561346337363139373664336334353033323562663033363839
61626566346466646130363431353264373834386661633030373161393932393137353762316336
37663333363462323963346432323631393762396331396563343836373432333232333333343633
32336637666230616630373063366664333636346161363632663137356334633264653037616362
39626532636230303236383731373366373535643731363132393461313231383061386664373839
38383935303562323438633737383939316330623439663663333065613030343238323135363739
61353764316131303763663965613137373937393932383232333764653261393430376536373264
65616631626161343530383437643434353562383261343165333939396231623962376133616439
35633035376165366436343635356333316430323632366338373832366563336337623866663039
66643238373933313531356437653766343735616665356139356237653436313835306163663839
30313431643233636466396130336331636261303030653966626332306538623035383736633837
30343839373030333865393330306161393239393266343139363466336264396434383232383663
30636461373530343636306538343061316630663066396430613365313136383135653964363462
35313433336564363961366536633137303961633865366165626263656235626364636561326661
65343264646266623532363234633438323265316466343335653165306533376662633034626663
30653037323964363536663065663862633435633238393862323931636134313730376238376539
31663066373735636131623235663063626565393733626563366531643030393834373463663136
64303363346165623238393433643530383165356262313830383665333138663137666635636363
31626631356665663636303665346537646334616165656565303465323236346561333839613236
64363834376165336433356563343762343763396233343461386363666537313830626436633366
34623232666466306438316563316261643866356237323131646563386566323862613236653833
65336230356434643966666165346133363134626434616635343830386331633430396561333235
37363662613265613966663434336466376538333536326565373862366333353239393932353136
31653737356537303163636339306235623233613364633735393732363761326535316335376637
32373863633565643333353138626666306234373161326163323434633265383634636339373437
65643035313130613332326563306466353237323136613461313532363731343830343739613339
33363565386433313766663332363531613764653664636431393164626564393134373331303561
64366131363964356665663561636162323637663666366665366630623437363930653539613435
32333036353633613136666163626661646238316263383663366463643139303236396237396235
62643031623063323631646431303038653166363335366364363031383231393834376536343639
34393665353364393630303761346235653233346530323761333564313435356663366530353036
65633566306134336334643737383837383031653934373633393434383431323936353965316338
66366538613133306338366533663933363536336137636636653365346131613738326236336131
32333137663238343033356631323134303463313262616136653336313662343636383732303234
63633366333835613762316364636161663236623637383431323732376562353331346161343238
32623032333636303533333138633261636135373935306363613561303937393931343435373532
35383931323563306238323661663361656261333535343038326462373136306161656362353239
34336362376463353436363430333930346432336437356238633339656631383538616339323739
34656132666366626232656139306235336566323866663430386365643434333935653262636132
32336135336432313263306532343033313663636534373034353032353132633461376237326536
38623030323439633965663065313932616334616564366133336665616464323365336133346362
61613862666335646462623638653430613935376665306362353139356437633336356265313164
63653333383731663335373636336631373861323230613038623566666630306462373933623065
31343064363437346633353631393637313733373364666239613934356362623533323863353133
36666163613265646636616438316166313034386335313936376263353963336232303865343538
36663433633432613031653362636634346438346336663630376530346264653234653338373564
36656562323063373839373163633564356238616332333537303235393863316136633439643030
34393662336132383238326265633437323536353563393661646661303264656338646635643432
38333538633165366331356265643562663337323863396366396430636465323931353431373264
34363831646563386161306463313461653632353466383039366230636635303233653434386564
33643938376230633837336334393036613538376631376661363533393265333330366564353239
33366561346464366461393966646632653730356561633965643164383662646661363264303037
65636539303362343138396234626261356466633337326638363265393665656366613939353139
39313738646233633730366564616630353335313765646463353035326164363961623133373865
38323762643163663735393265613865613330633161616361336534633565376438323634333063
37303638346265343463613533326366346164333965653631303863643261386535623833336434
38393631626165323431356433396661613035383534626132633837626633343335616234323230
38336139313636613931613766346237653639343464616164313332633362326636353039356630
30613238353964346535373537396130333437666532326532633162306461626663363961316431
66373234646461333364323166653562653635613764623732396562303632643765626130326230
31323565333437663831363765373962376462626361353261323461316539386361373165393964
34343737353835363033316239636262356532656334373738393936316637303431653938653464
66376536623839333662373563333837616537633565616331636666666337656561633436316333
35313633613539346132323133346131666130373863636339366338626436646432646463363061
61386537313936363535613566346563353465613534333332393561366161303965326331636434
61613665633261393939333764653863623634653964663262623630663734353662323233313738
63396334623164383539386330333135633261626433376533396366373066636462306263336361
31656434666339623363343733373661346235383237396336646431633039386531653932636366
61386133366230633139643766396165643130653134646536616632653063333932653937316133
32653336323033323164393933323531663762623739646535653337613261623439383462336366
62383932366536323730646461353134336232376665353436353631306162326338373435306136
61363463303536666535653162333562636663336461316230326337616230653035343832396135
62326566366337303133323132306333303137326561366136373532343031663437376433653737
34616364393962636237366266623238333034313234636439343063346536336365333663376238
64343866613139646338373836646130653335616238643463313539633536393131333166306231
62363332623862316630396563643138633763356265373132366334313331623437663262333035
65386133363430376264346565396237333464376564383666313865363565373236336136636634
66346636336562363531653633353932303431316138306463316363343364303863366135393161
33316630663731306337313131653830623462363134333031663565366262623065363264613565
66303938353761613261323866666137653834646438623763356361663764643438393838393165
65666433333664363231343633636435626339303261333837393065326162326132356563373832
62653563363666356164623238306536363335326633313262333862303161333030383335663435
37623266613839383430646634373036393764346239346230613037356139376662663561373162
30613032313464353566366436633935316530323037663639306264323330343466626538633834
36333939373231396430343239383265633961653732616338623232633361613461616438343032
36646633316339306235643933336163363836613432393461333331656437656363303334326638
39313765373932656437383337626165356434376661326630643435623639316166363833643634
35346131663836383437666466353531613764653433356266303339653765326439376430313234
38616438353237306261633638363031613531376462323832633630663934613238346535623961
38626532653736333466613735633634313734363230313037313961383864313530613735373933
39313963333230323734376533313331363631313462663931366366356235353131333861633831
37303166363336343066353037346266313834373862643464666634323034306662306666376133
39356565343738306265386633383139323030613933636465303162336662386130326438333636
64613466656566353461663666306661636434643965313535626431353766613738643064613432
64313535363462373035333264323464643861646339323634336635366565643331373636393736
61386565363939663535666238663066396239616133353965363062393366356239653664626433
35383633326365613361633238663434313430653536393064363165376338613462323932646562
30663139643937623863323033343262333734636339323165633964376335383030633137393832
39326539353637313364653262616633373764626263643432323362303439303432656363646532
64363532376336303461623566653036393334313832346130383932376266306431626231386133
33383033356336656666656661313064363434303364653535396161653531633132336464613131
38333762666665346530373663653739323238313439626532613664323935613763353736343435
66616639333266616364643230356130333334666239613165366661363064306537366535383035
61613632373133623561306366396434373430316634383935626361306637373838666133316264
65363031393734306466396530616566653563383162306331633532373963623735653933633631
39663633616339303030323861316236326234643664303663613665333561303537363035663264
61623536613865333131623533643862613337323030616366633333663533306135363761313233
30643933663564386362306361636462626233306133303564623366653362303231623066636630
38363334653633643661373833346138616237376539343561366534383164303364336264663734
63343936626662643433613534363333326332636635643831643165323064633665626336366639
39383037386562386633303830656566313938633465613465346536613061336130373866623534
37316261333761643465323066393636313232396365633934393066323130663536363730616465
31333737393461393466653639346336313861326330383237363836653939356465366465366136
39336238336463373237306235366330333261366362383630623933313364383039646266623937
35346437346231373834393463306138356232663739383937333765323661306331306265646661
37373136333139653037636162346539363335663039643866373865653631383565613863643134
62353364343031633964323964346665363235356366386534303363326363653537343666393432
38356564313535316131653537376234613331393730353263316437363334343163396263613432
39616231643730313332356333613439393636376539643662633163373835376461303461323730
37393561656463306262346336313863346639623562313136613836666431306339353635393463
62373461616161346362613864316438316263613763633332626266356163323632383463633664
35346133623333356562363531643834663966623435616137353839663439653132393037313037
63626564633766313165363761353638626335356562306432366565633935313731633234303062
33363965613336303239636134316164326530383063656234643365373163343565393865333035
37363563356633313438623532366533653066633932316264306433636461323061356531313532
35636464303538663831626637343037633138346561353538393162343633306336643132386533
32656161373663316133376339343030656535666236363331303639623665323832333133636162
35333939353032373865363636353139303236396161336239363239306436633562623166306232
64623035613266386530303864306236663461363662363437353031363633383463346533663335
30386165613837666135653461363665613038653436366139393436646166653531653033343532
33323364663363356661313133373765383166333765303039643165343431383263
