$ANSIBLE_VAULT;1.1;AES256
30613630396363626136393463303233373230663235346630353265633264336366396162333666
3164376134636633393061326166313337616239336437390a333833343930366466656331306536
65376233636662393332376434623439323932303235363039303366663866373133353466346237
3730363064656266630a613737333530396334643762383665613463623034316433613064636431
30613162613631333631363832396662356565383064356532383439626331393366633064303464
38303261653063346230326361653131373630303661373436376366623765326636376663656439
65643234663832343630353531616332323931393738616532353338306435366335393730646330
62303165653966366361336365626432643861363837313064663464333163326662633036663936
32636464346330323037333237313963313433656564333338656533343166323063633135623661
65333330316338623037343532333762363963393264353361653238353762323164393437653765
35303832326234353234346631633036616337356633393866363237313633646265326363313531
66613939363638343839333263343834386637336335633639303138393161333666666132626362
63653865343337323237663133613561326232323738613530383665633263653065633734336262
33353664313965363638326234396566343139663564383637323138633737366561383031623166
35356539346639653931386433333163643239303062373862623964323036383935623563313539
63326237383536666265626438353534353266656163376139373237636235376533343763393264
31326364326164343065386536333832633332356531386362653633626566613833346361663966
63366363373537303930363739336338316635653665333235363330306438333839383237626237
66616363623863616561383966356264633563633462376564393961303134363331326537393634
64666166653935376130326430383165343061323961396661653965633933616430336137356134
33633664633333303036636664336137376663633939663664316463323335313434313633393263
65323934633130376338373038373866326564633039356231336338316237316261316263623061
36646637663461663466386263303739386436626432643934313334393962303034626431613038
65393839666266396661646136373935383065366133386337666636363235343530343736343863
65336663333432396339356337323237336266383036636138623465313333303132643235656465
65666165323864663032613662313761616637373763613462653735663735326530643162316561
65623437373863393665613137653266303463313236653336336130363038343538376461343562
64613330323830373630663532643431323730306361663034616436326661636263373261653739
33353231653932373437326630313334346336366436336261323538663137613063343564656530
65343232666461336636656131623933363331643866643861373265636535633637353763383364
36653164643837623837393134346266383732626337363936663261333231303536656463386163
39623363343365356465303937363332653262383830623432353961336132356434323164323264
32306266333135623663396261316436323162613634386662383636393961363236333332386564
36636533333434643830646662303137363064356636316134613539666463633035353461396461
63623966323434343032343837666330376631643961323161366135333366363337623536643435
37346261623138373137306465646461653033363338386335343566353931323164363064666663
32656662653262383332326233616137333266656163336665356263646361303930653962656139
32323266393865666231306366393538656434663430393933353363396463396263626130663938
62363665326563376461396361636165393862393234353162623933366566383435366237613533
61643631633531343435623361383966336666613763393534303863333565336365643332356664
38643963343033383166303134323837333962663164383438306461633239633064363934306364
64376532373665386232353463333465623135316361333761363566376364323764616636323538
30313633333365636433643962323634623964616363623935663836366364363837386562633965
32333336643134656432646439626635363638333464336233663764623232326434363332316430
36366661383633393438616562656133663932323236666365633463636561336132616638346337
61386230383834663232663730366530646639333764623962363938313130323333643864366138
63633639343162343034333661643761376366313131303231316335306330613466306363393935
31613038623634653538363534643935616635376339666461643937336236666534383131356339
39396334666661323935313537306463626239396336323163356639663266373461386435313731
64343834626663326231623738363431396663373764353131393866313039636539323936306630
33396333343637653431383831323762373034353534396366373165656565386635653964633961
62623433623839626462316266383935343736336434373862316633353761343837373364653763
65633034326465633938333866643035373031663236313036613665336635643339323664383539
37636630356631616363316365646531626664373663386330353933646166313333623839613932
36303833366433376235363165633139333462303665613638363439663531373634396438636439
32653130663465663830653331663934363732653532646666373435393463663938323137626134
39383836313733626138396133616139626361313262353538313566626164626661653662633333
38346232663637613762373836613361346435633032323963663831633437626231313264613331
36653030303265376261393935353365636437393266363461313233346666656437353139376235
37633962333466333538353063626430353538323639396366383431306233373132643766356333
63653962666437323361616534383638313436626534333037396436356438383638396464643565
36323339313030643535613264323563613635633336623865316665323663633632346666333764
32646433366238393933386330666231336339306362633638393865383938326132653035333266
30396136306462376666656263356563616636653833366666323831336631373332636562643536
64366365343835396233323838663866663364313265313139366136303939366230623561363433
32633262616264623264343733373938333535303739376237353533313965316530396464306430
34366239643432653436333965393236613336633036613862633836643331306634363236313131
65323535323233383437353630373533653438363762356138666266346137356534373737323831
64613862373837303339313765663237626266383733616138313633653134376630326631333562
63313431363164373361363766663536383563326161636233653735646334623836323965653963
65373066623434646438316561623031383332663734636365336134633432343034386433366462
61653332656436616262326637633964306130656561383063336461333064363437386334616330
36666537373365663963656532393665346562623162356238313163626363613266633964653938
39353861636464363266343565653464336634623366393566363635656163666339633239343362
65393962336561323663373437323861636362626265363431356333326162373463366465623039
37636533613638333539316666616661393439376630306432323731333533616636373261363837
39346432663762663133366466646362623063636431303961393061376534663131666236366562
34373138313934343532316536353035363039636466323232373430356433363032396538643766
65373165353734363634386264363136303563336336316661656563303861323638353135613735
63303031363633336566386135363162303736623030353935613664633430336138643833363234
37323030613136636662326139663764646631383365373162633930306464333432626361393739
32386461663162616631643164306134313632326262643838303161633136336138616565306433
64656134313732353732616464316533303632356633663434623061353731393364303061633563
64656238653632303064616138653335653536633935656332376537666530376536623365623665
30313266353237616431353935656336316136333062646463646462326634363234353332303931
66653238663739373561353832633331653965386165623033323265313633336566363237323134
61376335323730376336656661353034303430643235363162356436653565373865386137333736
30633332643631386434666239333131393635336265353236373935396535613231623736316662
65396164616562336262643439353439393763336665343138376561376433336130646636373635
30636537316230383934363663393532623735636137353839396235643432653166363930623130
35613463353634626637366566323834626632646432316565616166366361333965666635623862
62613735393233386432356561386135303132666363393038303630366464356631636361623738
38373135636164326539326261396637333163383337306339663233373339633337343766363930
30613535623565656361653361623665613265303264653762626639376230353031383034313766
61383563353466386238666439333735646435663038393066323466383834623136373561653739
33666332313634363561653034356530613933623930383637313439616139666366643564333633
66383435653136303634393966653138306535666265363430346632643266393761303338633162
32373963376539393638326561303865313731363835356461633431666563356131633334363835
63366663643137633132613335643031386433636361613461656366306532383330316436613138
64633461373339363632333330636632653162313531323835643666393730323665396538373766
33646137356334383933626434356333396330633863323231383333613034383262623162363539
61623037363737623030396337356239306131643862353465306533343333393236316231626263
35356137333539343063353266336363383664653735636535336131613232376537313133353364
33623366376135323338613063303736616234306134323238646335326561336162353537336461
64333032366534383562663564333938386235313536376435376333333033333534333464303332
32613936663333303531303231373762373166656435353732323836323135653530373763393536
38326663336162666365343331326332613663393738626662363438363736326136663638333662
35373830343635646336643530356265666564366530663731653765396433666333383433386135
32616431316466386239323832316235323631653065663930626663636662303266306333323366
38626632313737343830333037353664333731613734386435646631623530316337626562366132
63353839643662623239616337333137656633323139626661343765316133353137353438316365
66313133373938663432333139323631326334393763353737356561316334653733303162663335
30376339656236336239343866626230633130386238313562336139383135643466303239613833
65386239666137363531343062356639656462663631353035623235653635616164663032643430
66613764636265383032386463396264323661353363613465663530396339333532653735353163
34636534363238333430323630623830343535323335313739356461643931333435376231306632
37386439613033623031613734376164386262333437663437356532633665303036396333643131
30626431383763653662383466643339616365323265383035643238323263356535346264323730
34386133396364383161323261366333623637666663306630316634663265643764353232653665
30366437636466313533306266303332623739346562306262346162376265613065643365323839
66303330633361643566383737366266626538643533663539363635636463666261636334323931
64633637663234353935313162653433343438383938373637376336393939386131393438346231
62656539323263393262353634393066366536653232333462636533643539636337316230613666
62666434663132663139373265663763346631343331623063633832393264363938353139656438
33396563636661363261373739366365363830633131633537363965383739373661623461303238
31376539626637383832636164653639633034623166376534663436663436666432323232636561
63303966663437306265323562326438643161613036373433633639663934633139313431633363
38323361656166316161396462363338346262316430333134656562383735396665656665313134
37316337343738376264343364636434393265393766643461353334636537636161343035656436
35303239336134393032303430373535343466363538323565646364636334313435313837373430
39306338326138313838313034626363616437366632306638633039613263336339623963316436
39313632333632383665316539306566303637386330636161376331346266383365353863396364
39333165343338666235383333636333343230356439303837383461663439626436353538616239
33613539623730313562626237663334373463626331376365313563313661613364393864376230
66386134626665636332396166356531373663323830386265623862316239346631663634663563
61376462326563386661323639316465663066393665613031633933666565363766613936613163
31396532386538373930653530373538363933383433303737396633646335653339323637363733
34353261323331643934626133306631303639626362316466353465386330353665353933306562
61333933633765306364626238323261646365383730656139363630323766623038653438643862
63306432393232646262363839316239623861363430656462613731336534366164383434343335
64396330666662666562613539646161623962613561313930313761376639356661626332623331
61333030393265376161336330333763393535326663613364643635353032643961633233646430
38373536653566623565313635666433316432313936376431616463313232616237623730623036
64356463316361353135653436636561646231646666303632313939393832346361343133326239
34393264353230393136393663643039616337646433613338316132663233616461396366343338
30303438316137323564313234626564626566653262666235646436363838353432653233666566
61373961666261613135363962633437323265663537613362316137303835316137313938663634
36373665646434623235303161353338613962643866653866666262643035356262313863333861
64393430343934303763393334663362646335616561383765343332633562333264356535343438
63316537613664643931356437326131653566323964353038343536393636313739386135333230
66363932343634343465613166346366363461616163656162343839303633303237343339643834
33663935643137353565393135643632326561363434623963343664636334666365353338376538
38623464663933666466343961306137636538346339663463373464646538336661353336346164
61333034326236343634343237373966363935303666393963373064643766366139613766363965
64313061636435353130346466656135396465623763353664316163666263613263643439616433
39633530643162356430663062353139356333633936316339306634326130653762646464393031
62313666393337303838333962303063376164353066333964613835616239653132306233326632
62346134363931653964336263336137376639643830643133333137616335313966356465663136
32396339333162356238653965653238633061396263316464613964363238613133356665623062
64343337623936656135376632613762313363356665636338663465373337386335613133346563
62363963663864666130643261616336623533376335623361613463376265316636623834373262
38636335333938346334323137336639646331383761346563383432353536313365313936613865
35633739656236323866646463383962666539376662383935343836333962383265333733353637
32623437653834356337646339323833336532626465313537653533666166626532613366346630
35373266316238306664383065356439663962333636346134383362353938663863373436353761
65363439653631363135646438646238323936396434303534376632626437663365613166306639
39333766353164356337643931353732656430623039333936313063656639656130643733636631
38326235656363656665343030333633333364376336316139326537393232353165616436313562
63653332393332666530626666653263316665666132613739646361616339613133363465396335
66383537653963643232623833666132393964626634303334323535356366326561393133346463
61656531303762343063633364303230353061653734646239323033636330346633623930326135
36313864393663303135643963376365653030623739666239343033616637336564323462653265
64636230326239376539356662373031333436353031343938366165323239613132
